1614178347293.1
1614178347321.0
1614178349708.2
1614178350706.6
1614178350717.8
1614178350846.9
1614178350942.3
1614178351134.11
1614178351374.10
1614178351454.16
1614178355937.26
1614178355944.41
1614178356140.5
1614178356232.19
1614178356456.56
1614178357641.32
1614178357929.4
1614178357935.29
1614178357984.22
1614178358033.38
1614178358064.34
1614178358203.43
1614178358798.23
1614178358956.39
1614178358976.37
1614178359082.48
1614178359497.20
1614178359624.36
1614178360107.7
1614178360293.33
1614178360745.35
1614178360853.31
1614178361510.12
1614178361723.15
1614178361776.13
1614178361808.18
1614178361849.27
1614178362133.53
1614178362481.49
1614178362513.50
1614178362741.28
1614178362899.14
1614178363072.47
1614178363211.17
1614178363217.42
1614178363782.40
1614178363809.24
1614178364008.55
1614178364027.59
1614178364764.57
1614178364932.30
1614178365186.46
1614178365454.63
1614178366477.52
1614178366959.54
1614178366969.45
1614178367183.21
1614178367790.67
1614178367949.58
1614178368431.60
1614178368608.66
1614178368687.25
1614178369054.89
1614178369420.71
1614178369512.68
1614178369523.73
1614178369553.75
1614178369721.76
1614178370239.72
1614178370752.61
1614178372367.74
1614178373095.44
1614178373241.51
1614178373761.80
1614178374217.78
1614178374391.90
1614178374616.70
1614178374686.69
1614178375096.65
1614178375274.88
1614178375439.77
1614178375529.62
1614178376006.87
1614178376144.64
1614178376206.84
1614178376467.86
1614178377821.94
1614178378043.81
1614178378872.82
1614178381230.99
1614178381803.98
1614178381989.92
1614178383355.93
1614178385378.96
1614178385389.83
1614178385529.97
1614178385534.85
1614178385984.79
1614178389472.95
1614178389798.91
